
Min of Summed Errors: 0.42, alpha: 16.898, beta: 20.000, 

x = 1: 0.183884907806 & nan
x = 1.5: 0.100714201241 & nan
x = 3: 0.0211519984349 & nan
x = 5: 0.003588077463 & nan

--- 119.35852694511414 seconds ---
