Min of Summed Errors: 0.62, alpha: 9.918, beta: 11.082,

x = 1: 0.16846113747 & 0.0049986037292
x = 1.5: 0.0909336643072 & 0.00279850420558
x = 3: 0.0191950696606 & 0.000426132693949
x = 5: 0.00352671933932 & 4.2538792987e-05
